4294967278,245
4294967278,316
4294967278,58
4294967278,53
4294967278,18
4294967278,17
4294967278,16
4294967279,73
4294967279,72
4294967279,67
4294967279,61
4294967279,43
4294967279,41
4294967279,34
4294967279,32
4294967279,20
4294967279,17
4294967279,15
4294967279,303
4294967278,266
4294967279,226
4294967278,133
4294967278,276
4294967278,288
4294967279,277
4294967279,264
4294967279,275
4294967279,258
4294967278,388
4294967279,295
4294967278,321
4294967278,320
4294967278,319
4294967278,254
4294967278,250
4294967278,248
4294967278,246
4294967278,244
4294967278,238
4294967278,237
4294967278,236
4294967278,228
4294967278,224
4294967278,222
4294967278,220
4294967278,218
4294967278,216
4294967278,214
4294967278,213
4294967278,212
4294967278,211
4294967278,207
4294967278,205
4294967278,204
4294967278,203
4294967278,202
4294967278,201
4294967278,198
4294967278,197
4294967279,197
4294967278,196
4294967279,196
4294967278,195
4294967279,195
4294967279,194
4294967279,371
4294967278,192
4294967279,192
4294967278,191
4294967279,191
4294967279,190
4294967278,189
4294967279,189
4294967278,188
4294967279,188
4294967278,187
4294967279,187
4294967278,184
4294967278,183
4294967279,183
4294967278,182
4294967278,181
4294967279,181
4294967279,180
4294967279,179
4294967278,178
4294967279,178
4294967278,177
4294967279,177
4294967278,176
4294967279,173
4294967279,172
4294967278,171
4294967279,171
4294967278,170
4294967279,170
4294967278,169
4294967278,168
4294967279,168
4294967279,167
4294967279,166
4294967278,165
4294967279,164
4294967279,163
4294967279,162
4294967279,161
4294967279,160
4294967279,159
4294967279,158
4294967279,157
4294967279,155
4294967279,154
4294967279,151
4294967279,150
4294967279,149
4294967279,147
4294967279,146
4294967279,145
4294967279,142
4294967279,141
4294967278,405
4294967279,139
4294967279,138
4294967279,133
4294967279,271
4294967279,270
4294967279,282
684,9
4294967279,280
4294967279,265
4294967279,262
4294967279,261
4294967279,257
4294967279,255
4294967279,254
684,8
684,7
4294967278,323
4294967278,322
4294967279,364
4294967278,432
4294967278,247
4294967279,238
4294967278,295
4294967294,393
4294967294,424
4294967279,242
4294967278,404
4294967279,306
4294967278,308
4294967294,395
4294967294,396
4294967294,409
4294967294,399
4294967294,187
4294967294,1172
4294967294,385
4294967294,420
4294967294,415
4294967294,398
4294967294,183
4294967294,444
4294967294,448
4294967294,110
4294967294,164
4294967294,457
4294967279,269
698,7
698,6
698,5
698,4
698,3
698,2
698,1
4294967278,309
4294967279,566
4294967278,307
4294967279,304
4294967278,306
4294967279,377
4294967278,129
4294967278,127
4294967278,126
4294967278,125
4294967278,124
4294967278,122
4294967278,121
4294967278,120
4294967278,119
4294967278,115
4294967278,113
4294967278,111
4294967278,110
4294967278,109
4294967278,108
4294967278,105
4294967278,103
4294967278,102
4294967278,101
4294967278,100
4294967278,99
4294967278,98
4294967278,97
4294967278,96
4294967278,94
4294967278,91
4294967278,89
4294967278,87
4294967278,86
4294967278,85
4294967278,84
4294967278,79
4294967278,77
4294967278,76
4294967278,75
4294967278,74
4294967278,72
4294967278,71
4294967278,70
4294967278,69
4294967278,68
4294967278,67
4294967278,65
4294967278,64
4294967278,63
4294967278,62
4294967278,60
4294967279,337
4294967279,333
4294967279,78
4294967279,77
4294967279,71
4294967279,69
4294967279,66
4294967279,62
4294967279,58
4294967279,56
4294967279,50
4294967279,44
4294967279,42
4294967279,39
4294967279,30
4294967279,220
4294967279,25
4294967279,23
4294967279,521
4294967279,526
4294967279,16
4294967279,283
4294967279,13
4294967279,11
4294967279,319
4294967279,260
4294967279,4
4294967279,55
4294967279,572
4294967278,299
4294967278,400
4294967279,517
694,4
4294967294,1000
4294967294,1001
4294967294,186
4294967294,1176
694,3
694,2
694,1
4294967279,341
4294967279,40
4294967294,470
4294967294,1
4294967294,421
4294967294,1011
4294967294,1093
4294967294,1007
4294967278,430
4294967294,387
4294967294,388
4294967294,392
4294967294,389
4294967294,390
4294967294,114
4294967294,115
693,6
693,5
693,4
693,3
693,2
693,1
4294967278,294
4294967279,26
4294967279,222
4294967278,260
4294967278,327
4294967278,303
4294967278,437
4294967279,318
4294967278,359
690,6
690,5
690,4
690,3
690,2
690,1
0,7
4294967278,132
4294967278,123
4294967294,29
4294967294,28
4294967278,378
4294967278,131
4294967294,511
4294967294,0
4294967278,130
4294967278,128
4294967294,89
4294967279,335
4294967278,375
4294967294,107
4294967278,118
4294967278,401
4294967294,50
4294967294,2
4294967278,117
4294967278,249
4294967278,116
4294967278,332
4294967294,38
4294967294,37
4294967294,46
4294967294,40
4294967279,541
4294967279,0
4294967278,114
4294967278,349
4294967294,91
4294967294,90
4294967294,87
4294967294,86
4294967294,85
4294967294,84
4294967294,53
4294967294,1175
4294967294,1017
4294967294,1174
4294967294,419
4294967294,1016
4294967294,27
4294967294,1420
4294967294,45
4294967294,427
4294967294,44
4294967278,112
4294967278,339
4294967294,94
4294967294,96
687,6
687,5
687,4
687,3
687,2
687,1
4294967279,268
4294967294,9
4294967294,8
4294967294,36
4294967294,22
4294967294,17
4294967294,42
4294967294,67
4294967294,99
4294967294,76
4294967294,39
4294967294,41
4294967279,569
4294967294,81
4294967294,1018
4294967294,26
4294967294,417
4294967294,51
4294967294,52
4294967294,436
4294967294,43
4294967278,107
4294967278,302
4294967279,529
